-1.975 0
-1.95 0
-1.925 0
-1.9 0
-1.875 0
-1.85 0
-1.825 0
-1.8 0
-1.775 0
-1.75 0
-1.725 0
-1.7 0
-1.675 0
-1.65 0
-1.625 0
-1.6 0
-1.575 0
-1.55 0
-1.525 0
-1.5 0
-1.475 0
-1.45 0
-1.425 0
-1.4 0
-1.375 0
-1.35 0
-1.325 0
-1.3 0
-1.275 0
-1.25 0
-1.225 0
-1.2 0
-1.175 0
-1.15 0
-1.125 0
-1.1 0
-1.075 0
-1.05 0
-1.025 0
-1 0
-0.975 0
-0.95 0
-0.925 0
-0.9 0
-0.875 0
-0.85 0
-0.825 0
-0.8 0
-0.775 0
-0.75 0
-0.725 0
-0.7 0
-0.675 0
-0.65 0
-0.625 0
-0.6 0
-0.575 0
-0.55 0
-0.525 0
-0.5 0
-0.475 0.48
-0.45 0.5
-0.425 0.5
-0.4 0.5
-0.375 0.5
-0.35 0.5
-0.325 0.5
-0.3 0.5
-0.275 0.5
-0.25 0.5
-0.225 0.5
-0.2 0.5
-0.175 0.5
-0.15 0.5
-0.125 0.5
-0.1 0.5
-0.075 0.5
-0.05 0.5
-0.025 0.5
-2.92127e-15 0.5
0.025 0.5
0.05 0.5
0.075 0.5
0.1 0.5
0.125 0.5
0.15 0.5
0.175 0.5
0.2 0.5
0.225 0.5
0.25 0.5
0.275 0.5
0.3 0.5
0.325 0.5
0.35 0.5
0.375 0.5
0.4 0.5
0.425 0.5
0.45 0.5
0.475 0.5
0.5 0.5
0.525 0.02
0.55 0
0.575 0
0.6 0
0.625 0
0.65 0
0.675 0
0.7 0
0.725 0
0.75 0
0.775 0
0.8 0
0.825 0
0.85 0
0.875 0
0.9 0
0.925 0
0.95 0
0.975 0
1 0
1.025 0
1.05 0
1.075 0
1.1 0
1.125 0
1.15 0
1.175 0
1.2 0
1.225 0
1.25 0
1.275 0
1.3 0
1.325 0
1.35 0
1.375 0
1.4 0
1.425 0
1.45 0
1.475 0
1.5 0
1.525 0
1.55 0
1.575 0
1.6 0
1.625 0
1.65 0
1.675 0
1.7 0
1.725 0
1.75 0
1.775 0
1.8 0
1.825 0
1.85 0
1.875 0
1.9 0
1.925 0
1.95 0
1.975 0
-1.975 0
-1.95 0
-1.925 0
-1.9 0
-1.875 0
-1.85 0
-1.825 0
-1.8 0
-1.775 0
-1.75 0
-1.725 0
-1.7 0
-1.675 0
-1.65 0
-1.625 0
-1.6 0
-1.575 0
-1.55 0
-1.525 0
-1.5 0
-1.475 0
-1.45 0
-1.425 0
-1.4 0
-1.375 0
-1.35 0
-1.325 0
-1.3 0
-1.275 0
-1.25 0
-1.225 0
-1.2 0
-1.175 0
-1.15 0
-1.125 0
-1.1 0
-1.075 0
-1.05 0
-1.025 0
-1 0
-0.975 0
-0.95 0
-0.925 0
-0.9 0
-0.875 0
-0.85 0
-0.825 0
-0.8 0
-0.775 0
-0.75 0
-0.725 0
-0.7 0
-0.675 0
-0.65 0
-0.625 0
-0.6 0
-0.575 0
-0.55 0
-0.525 0
-0.5 0
-0.475 0.00809775
-0.45 0.0421758
-0.425 0.113172
-0.4 0.210791
-0.375 0.310444
-0.35 0.390997
-0.325 0.444699
-0.3 0.475066
-0.275 0.489934
-0.25 0.496335
-0.225 0.498789
-0.2 0.499634
-0.175 0.499899
-0.15 0.499974
-0.125 0.499994
-0.1 0.499999
-0.075 0.5
-0.05 0.5
-0.025 0.5
-2.92127e-15 0.5
0.025 0.5
0.05 0.5
0.075 0.5
0.1 0.5
0.125 0.5
0.15 0.5
0.175 0.5
0.2 0.5
0.225 0.5
0.25 0.5
0.275 0.5
0.3 0.5
0.325 0.5
0.35 0.5
0.375 0.5
0.4 0.5
0.425 0.5
0.45 0.5
0.475 0.5
0.5 0.5
0.525 0.491902
0.55 0.457824
0.575 0.386828
0.6 0.289209
0.625 0.189556
0.65 0.109003
0.675 0.0553008
0.7 0.0249336
0.725 0.0100664
0.75 0.00366518
0.775 0.00121139
0.8 0.000365578
0.825 0.000101262
0.85 2.58635e-05
0.875 6.11643e-06
0.9 1.34422e-06
0.925 2.75439e-07
0.95 5.27767e-08
0.975 9.48134e-09
1 1.60082e-09
1.025 2.54564e-10
1.05 3.82019e-11
1.075 5.41974e-12
1.1 7.28083e-13
1.125 9.27548e-14
1.15 1.12211e-14
1.175 1.29066e-15
1.2 1.41307e-16
1.225 1.47416e-17
1.25 1.46681e-18
1.275 1.39325e-19
1.3 1.26435e-20
1.325 1.09701e-21
1.35 9.10662e-23
1.375 7.23731e-24
1.4 5.50962e-25
1.425 4.01993e-26
1.45 2.81239e-27
1.475 1.88748e-28
1.5 1.21565e-29
1.525 7.51638e-31
1.55 4.46293e-32
1.575 2.54545e-33
1.6 1.39492e-34
1.625 7.34621e-36
1.65 3.71867e-37
1.675 1.80961e-38
1.7 8.46657e-40
1.725 3.80882e-41
1.75 1.64763e-42
1.775 6.8537e-44
1.8 2.74148e-45
1.825 1.05445e-46
1.85 3.8996e-48
1.875 1.38651e-49
1.9 4.73899e-51
1.925 1.55682e-52
1.95 4.91468e-54
1.975 1.49061e-55
-1.975 0
-1.95 0
-1.925 0
-1.9 0
-1.875 0
-1.85 0
-1.825 0
-1.8 0
-1.775 0
-1.75 0
-1.725 0
-1.7 0
-1.675 0
-1.65 0
-1.625 0
-1.6 0
-1.575 0
-1.55 0
-1.525 0
-1.5 0
-1.475 0
-1.45 0
-1.425 0
-1.4 0
-1.375 0
-1.35 0
-1.325 0
-1.3 0
-1.275 0
-1.25 0
-1.225 0
-1.2 0
-1.175 0
-1.15 0
-1.125 0
-1.1 0
-1.075 0
-1.05 0
-1.025 0
-1 0
-0.975 0
-0.95 0
-0.925 0
-0.9 0
-0.875 0
-0.85 0
-0.825 0
-0.8 0
-0.775 0
-0.75 0
-0.725 0
-0.7 0
-0.675 0
-0.65 0
-0.625 0
-0.6 0
-0.575 0
-0.55 0
-0.525 0
-0.5 0
-0.475 0.000136612
-0.45 0.00128073
-0.425 0.00604791
-0.4 0.0192239
-0.375 0.0463993
-0.35 0.0910122
-0.325 0.151735
-0.3 0.222218
-0.275 0.293434
-0.25 0.357067
-0.225 0.407974
-0.2 0.444804
-0.175 0.469102
-0.15 0.48382
-0.125 0.492056
-0.1 0.496334
-0.075 0.498406
-0.05 0.499346
-0.025 0.499746
-2.92127e-15 0.499906
0.025 0.499967
0.05 0.499989
0.075 0.499997
0.1 0.499999
0.125 0.5
0.15 0.5
0.175 0.5
0.2 0.5
0.225 0.5
0.25 0.5
0.275 0.5
0.3 0.5
0.325 0.5
0.35 0.5
0.375 0.5
0.4 0.5
0.425 0.5
0.45 0.5
0.475 0.5
0.5 0.5
0.525 0.499863
0.55 0.498719
0.575 0.493952
0.6 0.480776
0.625 0.453601
0.65 0.408988
0.675 0.348265
0.7 0.277782
0.725 0.206566
0.75 0.142933
0.775 0.0920261
0.8 0.055196
0.825 0.0308983
0.85 0.0161795
0.875 0.00794401
0.9 0.00366613
0.925 0.00159402
0.95 0.000654468
0.975 0.000254286
1 9.36873e-05
1.025 3.27935e-05
1.05 1.09249e-05
1.075 3.46973e-06
1.1 1.05219e-06
1.125 3.05101e-07
1.15 8.47102e-08
1.175 2.25487e-08
1.2 5.76127e-09
1.225 1.41452e-09
1.25 3.3408e-10
1.275 7.59745e-11
1.3 1.66519e-11
1.325 3.5206e-12
1.35 7.18594e-13
1.375 1.4171e-13
1.4 2.70201e-14
1.425 4.98474e-15
1.45 8.90335e-16
1.475 1.5406e-16
1.5 2.58408e-17
1.525 4.20385e-18
1.55 6.63657e-19
1.575 1.01722e-19
1.6 1.51451e-20
1.625 2.19136e-21
1.65 3.08269e-22
1.675 4.21794e-23
1.7 5.61562e-24
1.725 7.2776e-25
1.75 9.18393e-26
1.775 1.12894e-26
1.8 1.35224e-27
1.825 1.57878e-28
1.85 1.79723e-29
1.875 1.99537e-30
1.9 2.16125e-31
1.925 2.28434e-32
1.95 2.35669e-33
1.975 2.37376e-34
-1.975 0
-1.95 0
-1.925 0
-1.9 0
-1.875 0
-1.85 0
-1.825 0
-1.8 0
-1.775 0
-1.75 0
-1.725 0
-1.7 0
-1.675 0
-1.65 0
-1.625 0
-1.6 0
-1.575 0
-1.55 0
-1.525 0
-1.5 0
-1.475 0
-1.45 0
-1.425 0
-1.4 0
-1.375 0
-1.35 0
-1.325 0
-1.3 0
-1.275 0
-1.25 0
-1.225 0
-1.2 0
-1.175 0
-1.15 0
-1.125 0
-1.1 0
-1.075 0
-1.05 0
-1.025 0
-1 0
-0.975 0
-0.95 0
-0.925 0
-0.9 0
-0.875 0
-0.85 0
-0.825 0
-0.8 0
-0.775 0
-0.75 0
-0.725 0
-0.7 0
-0.675 0
-0.65 0
-0.625 0
-0.6 0
-0.575 0
-0.55 0
-0.525 0
-0.5 0
-0.475 2.30468e-06
-0.45 3.12092e-05
-0.425 0.000211863
-0.4 0.000962077
-0.375 0.00329087
-0.35 0.00905462
-0.325 0.0209023
-0.3 0.0417064
-0.275 0.0735625
-0.25 0.116775
-0.225 0.16935
-0.2 0.227302
-0.175 0.285656
-0.15 0.339709
-0.125 0.386039
-0.1 0.422975
-0.075 0.450485
-0.05 0.469701
-0.025 0.482334
-2.92127e-15 0.490174
0.025 0.49478
0.05 0.497349
0.075 0.49871
0.1 0.499399
0.125 0.499731
0.15 0.499884
0.175 0.499952
0.2 0.499981
0.225 0.499993
0.25 0.499997
0.275 0.499999
0.3 0.5
0.325 0.5
0.35 0.5
0.375 0.5
0.4 0.5
0.425 0.5
0.45 0.5
0.475 0.5
0.5 0.5
0.525 0.499998
0.55 0.499969
0.575 0.499788
0.6 0.499038
0.625 0.496709
0.65 0.490945
0.675 0.479098
0.7 0.458294
0.725 0.426437
0.75 0.383225
0.775 0.33065
0.8 0.272698
0.825 0.214344
0.85 0.160291
0.875 0.113961
0.9 0.0770246
0.925 0.049515
0.95 0.0302987
0.975 0.0176658
1 0.00982563
1.025 0.00521954
1.05 0.00265146
1.075 0.0012896
1.1 0.000601266
1.125 0.000269051
1.15 0.000115678
1.175 4.78397e-05
1.2 1.90504e-05
1.225 7.31189e-06
1.25 2.70757e-06
1.275 9.68163e-07
1.3 3.34587e-07
1.325 1.11846e-07
1.35 3.61927e-08
1.375 1.13458e-08
1.4 3.44802e-09
1.425 1.01653e-09
1.45 2.90912e-10
1.475 8.08661e-11
1.5 2.18468e-11
1.525 5.73941e-12
1.55 1.46703e-12
1.575 3.65026e-13
1.6 8.84578e-14
1.625 2.08871e-14
1.65 4.8078e-15
1.675 1.07926e-15
1.7 2.36373e-16
1.725 5.05283e-17
1.75 1.05463e-17
1.775 2.15007e-18
1.8 4.283e-19
1.825 8.33931e-20
1.85 1.5876e-20
1.875 2.9561e-21
1.9 5.38511e-22
1.925 9.60046e-23
1.95 1.67547e-23
1.975 2.86313e-24
-1.975 0
-1.95 0
-1.925 0
-1.9 0
-1.875 0
-1.85 0
-1.825 0
-1.8 0
-1.775 0
-1.75 0
-1.725 0
-1.7 0
-1.675 0
-1.65 0
-1.625 0
-1.6 0
-1.575 0
-1.55 0
-1.525 0
-1.5 0
-1.475 0
-1.45 0
-1.425 0
-1.4 0
-1.375 0
-1.35 0
-1.325 0
-1.3 0
-1.275 0
-1.25 0
-1.225 0
-1.2 0
-1.175 0
-1.15 0
-1.125 0
-1.1 0
-1.075 0
-1.05 0
-1.025 0
-1 0
-0.975 0
-0.95 0
-0.925 0
-0.9 0
-0.875 0
-0.85 0
-0.825 0
-0.8 0
-0.775 0
-0.75 0
-0.725 0
-0.7 0
-0.675 0
-0.65 0
-0.625 0
-0.6 0
-0.575 0
-0.55 0
-0.525 0
-0.5 0
-0.475 3.88807e-08
-0.45 6.88513e-07
-0.425 6.10212e-06
-0.4 3.61025e-05
-0.375 0.000160479
-0.35 0.000571958
-0.325 0.00170353
-0.3 0.00436406
-0.275 0.00982369
-0.25 0.0197572
-0.225 0.0359819
-0.2 0.0600117
-0.175 0.092552
-0.15 0.133123
-0.125 0.179973
-0.1 0.230337
-0.075 0.280963
-0.05 0.328735
-0.025 0.371199
-2.92127e-15 0.406865
0.025 0.435249
0.05 0.456707
0.075 0.472149
0.1 0.482752
0.125 0.48971
0.15 0.494082
0.175 0.496717
0.2 0.498241
0.225 0.49909
0.25 0.499544
0.275 0.499779
0.3 0.499897
0.325 0.499953
0.35 0.499979
0.375 0.499991
0.4 0.499996
0.425 0.499999
0.45 0.499999
0.475 0.5
0.5 0.5
0.525 0.5
0.55 0.499999
0.575 0.499994
0.6 0.499964
0.625 0.49984
0.65 0.499428
0.675 0.498296
0.7 0.495636
0.725 0.490176
0.75 0.480243
0.775 0.464018
0.8 0.439988
0.825 0.407448
0.85 0.366877
0.875 0.320027
0.9 0.269663
0.925 0.219037
0.95 0.171265
0.975 0.128801
1 0.0931348
1.025 0.0647505
1.05 0.0432934
1.075 0.0278507
1.1 0.0172478
1.125 0.0102897
1.15 0.00591772
1.175 0.0032833
1.2 0.00175875
1.225 0.000910268
1.25 0.000455549
1.275 0.00022061
1.3 0.000103457
1.325 4.70161e-05
1.35 2.07197e-05
1.375 8.86056e-06
1.4 3.67924e-06
1.425 1.48437e-06
1.45 5.82206e-07
1.475 2.22129e-07
1.5 8.24845e-08
1.525 2.98268e-08
1.55 1.05082e-08
1.575 3.60871e-09
1.6 1.2086e-09
1.625 3.94929e-10
1.65 1.25965e-10
1.675 3.92332e-11
1.7 1.19375e-11
1.725 3.5497e-12
1.75 1.03194e-12
1.775 2.93401e-13
1.8 8.16133e-14
1.825 2.22178e-14
1.85 5.92135e-15
1.875 1.54546e-15
1.9 3.95135e-16
1.925 9.89939e-17
1.95 2.43092e-17
1.975 5.85262e-18
-1.975 0
-1.95 0
-1.925 0
-1.9 0
-1.875 0
-1.85 0
-1.825 0
-1.8 0
-1.775 0
-1.75 0
-1.725 0
-1.7 0
-1.675 0
-1.65 0
-1.625 0
-1.6 0
-1.575 0
-1.55 0
-1.525 0
-1.5 0
-1.475 0
-1.45 0
-1.425 0
-1.4 0
-1.375 0
-1.35 0
-1.325 0
-1.3 0
-1.275 0
-1.25 0
-1.225 0
-1.2 0
-1.175 0
-1.15 0
-1.125 0
-1.1 0
-1.075 0
-1.05 0
-1.025 0
-1 0
-0.975 0
-0.95 0
-0.925 0
-0.9 0
-0.875 0
-0.85 0
-0.825 0
-0.8 0
-0.775 0
-0.75 0
-0.725 0
-0.7 0
-0.675 0
-0.65 0
-0.625 0
-0.6 0
-0.575 0
-0.55 0
-0.525 0
-0.5 0
-0.475 6.5593e-10
-0.45 1.43485e-08
-0.425 1.56979e-07
-0.4 1.14549e-06
-0.375 6.27338e-06
-0.35 2.75114e-05
-0.325 0.000100665
-0.3 0.000316205
-0.275 0.000870774
-0.25 0.00213652
-0.225 0.00473131
-0.2 0.00955723
-0.175 0.017768
-0.15 0.0306368
-0.125 0.0493272
-0.1 0.0746111
-0.075 0.106611
-0.05 0.14465
-0.025 0.187268
-2.92127e-15 0.23241
0.025 0.277739
0.05 0.321
0.075 0.360328
0.1 0.394455
0.125 0.422776
0.15 0.445291
0.175 0.462466
0.2 0.475055
0.225 0.483936
0.25 0.489971
0.275 0.493927
0.3 0.496431
0.325 0.497964
0.35 0.498872
0.375 0.499392
0.4 0.499682
0.425 0.499838
0.45 0.49992
0.475 0.499961
0.5 0.499982
0.525 0.499992
0.55 0.499996
0.575 0.499998
0.6 0.499998
0.625 0.499993
0.65 0.499972
0.675 0.499899
0.7 0.499684
0.725 0.499129
0.75 0.497863
0.775 0.495269
0.8 0.490443
0.825 0.482232
0.85 0.469363
0.875 0.450673
0.9 0.425389
0.925 0.393389
0.95 0.35535
0.975 0.312732
1 0.26759
1.025 0.222261
1.05 0.179
1.075 0.139672
1.1 0.105545
1.125 0.0772241
1.15 0.0547091
1.175 0.0375342
1.2 0.0249446
1.225 0.0160644
1.25 0.0100294
1.275 0.00607319
1.3 0.00356863
1.325 0.00203589
1.35 0.00112825
1.375 0.000607688
1.4 0.000318281
1.425 0.000162189
1.45 8.04514e-05
1.475 3.88657e-05
1.5 1.8295e-05
1.525 8.39532e-06
1.55 3.75737e-06
1.575 1.64085e-06
1.6 6.99486e-07
1.625 2.91207e-07
1.65 1.18444e-07
1.675 4.70854e-08
1.7 1.83016e-08
1.725 6.95794e-09
1.75 2.58834e-09
1.775 9.42453e-10
1.8 3.36003e-10
1.825 1.17331e-10
1.85 4.01429e-11
1.875 1.34605e-11
1.9 4.42485e-12
1.925 1.42642e-12
1.95 4.51053e-13
1.975 1.39945e-13
-1.975 0
-1.95 0
-1.925 0
-1.9 0
-1.875 0
-1.85 0
-1.825 0
-1.8 0
-1.775 0
-1.75 0
-1.725 0
-1.7 0
-1.675 0
-1.65 0
-1.625 0
-1.6 0
-1.575 0
-1.55 0
-1.525 0
-1.5 0
-1.475 0
-1.45 0
-1.425 0
-1.4 0
-1.375 0
-1.35 0
-1.325 0
-1.3 0
-1.275 0
-1.25 0
-1.225 0
-1.2 0
-1.175 0
-1.15 0
-1.125 0
-1.1 0
-1.075 0
-1.05 0
-1.025 0
-1 0
-0.975 0
-0.95 0
-0.925 0
-0.9 0
-0.875 0
-0.85 0
-0.825 0
-0.8 0
-0.775 0
-0.75 0
-0.725 0
-0.7 0
-0.675 0
-0.65 0
-0.625 0
-0.6 0
-0.575 0
-0.55 0
-0.525 0
-0.5 0
-0.475 1.10658e-11
-0.45 2.88171e-10
-0.425 3.75198e-09
-0.4 3.2569e-08
-0.375 2.12075e-07
-0.35 1.10512e-06
-0.325 4.80132e-06
-0.3 1.7892e-05
-0.275 5.83914e-05
-0.25 0.000169577
-0.225 0.000443835
-0.2 0.0010578
-0.175 0.00231557
-0.15 0.00469003
-0.125 0.00884532
-0.1 0.0156208
-0.075 0.0259604
-0.05 0.0407855
-0.025 0.0608269
-2.92127e-15 0.08645
0.025 0.117518
0.05 0.153333
0.075 0.192674
0.1 0.23394
0.125 0.27535
0.15 0.315172
0.175 0.35193
0.2 0.384548
0.225 0.412409
0.25 0.435346
0.275 0.453569
0.3 0.467554
0.325 0.477934
0.35 0.485391
0.375 0.490581
0.4 0.494085
0.425 0.49638
0.45 0.497841
0.475 0.498744
0.5 0.499287
0.525 0.499605
0.55 0.499787
0.575 0.499887
0.6 0.499942
0.625 0.49997
0.65 0.499984
0.675 0.499988
0.7 0.499979
0.725 0.49994
0.75 0.49983
0.775 0.499556
0.8 0.498942
0.825 0.497684
0.85 0.49531
0.875 0.491155
0.9 0.484379
0.925 0.47404
0.95 0.459214
0.975 0.439173
1 0.41355
1.025 0.382482
1.05 0.346667
1.075 0.307326
1.1 0.26606
1.125 0.22465
1.15 0.184828
1.175 0.14807
1.2 0.115452
1.225 0.0875908
1.25 0.0646535
1.275 0.0464312
1.3 0.032446
1.325 0.0220663
1.35 0.0146093
1.375 0.00941854
1.4 0.00591481
1.425 0.00361954
1.45 0.00215915
1.475 0.00125601
1.5 0.000712779
1.525 0.000394762
1.55 0.000213453
1.575 0.000112726
1.6 5.81652e-05
1.625 2.93349e-05
1.65 1.44659e-05
1.675 6.9776e-06
1.7 3.29318e-06
1.725 1.52133e-06
1.75 6.88135e-07
1.775 3.04867e-07
1.8 1.32334e-07
1.825 5.62972e-08
1.85 2.34796e-08
1.875 9.60309e-09
1.9 3.85273e-09
1.925 1.51664e-09
1.95 5.85968e-10
1.975 2.22255e-10
